idx,anger,happy,sad,fear,surprise,disgust
boy_medium-dark_skin_tone,,,,,,
crayon,0.07692307692307693,0.5384615384615384,0.0,0.07692307692307693,0.23076923076923078,0.07692307692307693
Jamaica,0.3333333333333333,0.6666666666666666,0.0,0.0,0.0,0.0
double_curly_loop,0.0,0.0,0.0,0.0,0.0,1.0
man_dark_skin_tone,1.0,0.0,0.0,0.0,0.0,0.0
bank,0.3119005328596803,0.3275310834813499,0.08561278863232683,0.07744227353463588,0.12682060390763766,0.07069271758436944
non-potable_water,,,,,,
Tokyo_tower,0.0,0.0,0.2,0.0,0.6,0.2
Netherlands,0.1111111111111111,0.7777777777777778,0.0,0.0,0.0,0.1111111111111111
hamster,0.125,0.125,0.0,0.5,0.125,0.125
nine-thirty,,,,,,
dollar_banknote,0.23809523809523808,0.30952380952380953,0.14285714285714285,0.15476190476190477,0.11904761904761904,0.03571428571428571
vampire_medium-light_skin_tone,,,,,,
Japanese_discount_button,0.0,0.0,0.0,0.0,0.0,1.0
eight-pointed_star,,,,,,
smiling_face,0.18872839213829032,0.428368458441866,0.0935354013734312,0.11555766043097324,0.12147762254321573,0.052332465072223534
woman_cartwheeling_light_skin_tone,0.11428571428571428,0.22857142857142856,0.11428571428571428,0.17142857142857143,0.3142857142857143,0.05714285714285714
raised_fist_light_skin_tone,0.3333333333333333,0.3333333333333333,0.13333333333333333,0.2,0.0,0.0
man_playing_handball_light_skin_tone,0.0,0.0,0.0,0.0,1.0,0.0
transgender_symbol,0.2,0.5,0.1,0.2,0.0,0.0
clapping_hands_medium-dark_skin_tone,,,,,,
wheelchair_symbol,0.1111111111111111,0.16666666666666666,0.16666666666666666,0.2777777777777778,0.1111111111111111,0.16666666666666666
next_track_button,0.0,0.0,0.0,0.0,0.0,1.0
man_medium_skin_tone,0.75,0.0,0.25,0.0,0.0,0.0
hospital,0.2,0.2,0.1,0.1,0.3,0.1
Japanese_post_office,0.0,0.0,0.0,0.0,0.0,1.0
parachute,0.25,0.375,0.25,0.0,0.125,0.0
woman_scientist_medium_skin_tone,,,,,,
tired_face,0.1514476614699332,0.36525612472160357,0.12249443207126949,0.1915367483296214,0.11804008908685969,0.051224944320712694
euro_banknote,0.1527777777777778,0.1527777777777778,0.013888888888888888,0.05555555555555555,0.5972222222222222,0.027777777777777776
person_tipping_hand,0.15384615384615385,0.3333333333333333,0.20512820512820512,0.10256410256410256,0.15384615384615385,0.05128205128205128
station,0.17582417582417584,0.4065934065934066,0.10989010989010989,0.054945054945054944,0.21978021978021978,0.03296703296703297
angry_face_with_horns,0.2948717948717949,0.19230769230769232,0.05128205128205128,0.23076923076923078,0.14102564102564102,0.08974358974358974
woman_office_worker,0.36363636363636365,0.18181818181818182,0.030303030303030304,0.030303030303030304,0.24242424242424243,0.15151515151515152
women_with_bunny_ears,0.19047619047619047,0.40476190476190477,0.047619047619047616,0.09523809523809523,0.19047619047619047,0.07142857142857142
tulip,0.10919540229885058,0.4425287356321839,0.10919540229885058,0.08045977011494253,0.11494252873563218,0.14367816091954022
woman_bowing,0.20588235294117646,0.38235294117647056,0.058823529411764705,0.08823529411764706,0.058823529411764705,0.20588235294117646
round_pushpin,0.14814814814814814,0.4444444444444444,0.12345679012345678,0.1111111111111111,0.1111111111111111,0.06172839506172839
smiling_face_with_heart-eyes,,,,,,
t-shirt,,,,,,
woman_playing_handball_medium-light_skin_tone,,,,,,
seedling,0.12624584717607973,0.45182724252491696,0.07641196013289037,0.11295681063122924,0.12292358803986711,0.10963455149501661
person_with_veil_medium_skin_tone,0.0,0.0,1.0,0.0,0.0,0.0
pouting_cat,0.2727272727272727,0.22727272727272727,0.045454545454545456,0.18181818181818182,0.09090909090909091,0.18181818181818182
person_frowning,0.3333333333333333,0.16666666666666666,0.3333333333333333,0.0,0.16666666666666666,0.0
person_running_medium-light_skin_tone,,,,,,
thumbs_down_dark_skin_tone,0.21153846153846154,0.5192307692307693,0.0,0.1346153846153846,0.1346153846153846,0.0
test_tube,0.19230769230769232,0.5769230769230769,0.0,0.038461538461538464,0.07692307692307693,0.11538461538461539
magnifying_glass_tilted_left,0.16346153846153846,0.3557692307692308,0.14423076923076922,0.1346153846153846,0.1346153846153846,0.0673076923076923
teddy_bear,0.11904761904761904,0.35714285714285715,0.16666666666666666,0.21428571428571427,0.09523809523809523,0.047619047619047616
raising_hands_medium_skin_tone,0.2857142857142857,0.42857142857142855,0.0,0.0,0.2857142857142857,0.0
person_blond_hair,0.23076923076923078,0.46153846153846156,0.23076923076923078,0.0,0.07692307692307693,0.0
oncoming_bus,0.0,0.25,0.0,0.0,0.0,0.75
man_raising_hand_medium_skin_tone,0.2,0.3,0.05,0.2,0.2,0.05
Malta,0.0,0.0,0.0,0.0,1.0,0.0
cow,0.0,0.25,0.5,0.0,0.0,0.25
ice_hockey,0.0,0.2857142857142857,0.14285714285714285,0.14285714285714285,0.14285714285714285,0.2857142857142857
man_cartwheeling,0.0,0.875,0.0,0.0,0.0,0.125
chopsticks,0.14285714285714285,0.42857142857142855,0.0,0.0,0.14285714285714285,0.2857142857142857
stopwatch,0.0,0.875,0.125,0.0,0.0,0.0
Norway,0.0,1.0,0.0,0.0,0.0,0.0
mosque,0.0,0.0,0.0,0.0,0.0,1.0
taco,0.07692307692307693,0.46153846153846156,0.0,0.23076923076923078,0.19230769230769232,0.038461538461538464
selfie_medium-light_skin_tone,,,,,,
hedgehog,0.4,0.2,0.0,0.0,0.0,0.4
cheese_wedge,0.08333333333333333,0.3611111111111111,0.027777777777777776,0.1111111111111111,0.25,0.16666666666666666
woman_scientist_light_skin_tone,0.5,0.0,0.0,0.0,0.5,0.0
person_facepalming_light_skin_tone,0.32432432432432434,0.21621621621621623,0.10810810810810811,0.10810810810810811,0.10810810810810811,0.13513513513513514
tanabata_tree,0.125,0.5,0.125,0.125,0.0,0.125
broken_heart,0.17973856209150327,0.3415032679738562,0.18137254901960784,0.15196078431372548,0.09640522875816994,0.049019607843137254
woman_surfing_medium-light_skin_tone,,,,,,
worried_face,0.16752577319587628,0.32216494845360827,0.17525773195876287,0.16494845360824742,0.13659793814432988,0.03350515463917526
Belgium,0.13333333333333333,0.7333333333333333,0.0,0.0,0.06666666666666667,0.06666666666666667
toilet,0.3333333333333333,0.0,0.3333333333333333,0.0,0.3333333333333333,0.0
man_police_officer_light_skin_tone,0.2857142857142857,0.42857142857142855,0.0,0.14285714285714285,0.14285714285714285,0.0
martial_arts_uniform,0.0625,0.125,0.375,0.375,0.0,0.0625
Denmark,0.0,1.0,0.0,0.0,0.0,0.0
waning_gibbous_moon,,,,,,
Croatia,0.0,0.5,0.0,0.16666666666666666,0.3333333333333333,0.0
input_latin_lowercase,0.0,0.0,0.0,0.0,0.0,1.0
no_one_under_eighteen,0.10344827586206896,0.2413793103448276,0.27586206896551724,0.1724137931034483,0.06896551724137931,0.13793103448275862
cat_with_tears_of_joy,0.21212121212121213,0.3333333333333333,0.12121212121212122,0.12121212121212122,0.12121212121212122,0.09090909090909091
see-no-evil_monkey,,,,,,
person_running,0.14893617021276595,0.4397163120567376,0.06382978723404255,0.0851063829787234,0.12056737588652482,0.14184397163120568
mountain,0.22448979591836735,0.42857142857142855,0.04081632653061224,0.16326530612244897,0.061224489795918366,0.08163265306122448
backhand_index_pointing_right_medium_skin_tone,0.29411764705882354,0.29411764705882354,0.11764705882352941,0.2647058823529412,0.029411764705882353,0.0
woman_getting_massage_light_skin_tone,0.2413793103448276,0.1724137931034483,0.20689655172413793,0.13793103448275862,0.13793103448275862,0.10344827586206896
stadium,0.11093117408906883,0.7724696356275303,0.0016194331983805667,0.0024291497975708503,0.0032388663967611335,0.10931174089068826
man_dancing_dark_skin_tone,1.0,0.0,0.0,0.0,0.0,0.0
fleur-de-lis,,,,,,
racing_car,0.11428571428571428,0.6285714285714286,0.08571428571428572,0.05714285714285714,0.05714285714285714,0.05714285714285714
man_light_skin_tone_bald,,,,,,
eagle,0.176007866273353,0.45722713864306785,0.0943952802359882,0.11209439528023599,0.09341199606686332,0.06686332350049164
backhand_index_pointing_left_medium_skin_tone,0.28205128205128205,0.3076923076923077,0.1282051282051282,0.2564102564102564,0.02564102564102564,0.0
Japanese_prohibited_button,0.0,0.0,0.3333333333333333,0.3333333333333333,0.0,0.3333333333333333
baby_angel,0.2,0.3,0.15,0.225,0.075,0.05
woman_detective_medium-light_skin_tone,,,,,,
spiral_notepad,0.0,0.0,0.0,0.0,0.0,1.0
palms_up_together_medium_skin_tone,0.2857142857142857,0.14285714285714285,0.0,0.5714285714285714,0.0,0.0
person_medium-light_skin_tone,,,,,,
woman_facepalming_medium-dark_skin_tone,,,,,,
shushing_face,0.17123287671232876,0.2979452054794521,0.11986301369863013,0.21232876712328766,0.13356164383561644,0.06506849315068493
brain,0.23809523809523808,0.38095238095238093,0.09523809523809523,0.12698412698412698,0.12698412698412698,0.031746031746031744
paintbrush,0.0,0.4444444444444444,0.2222222222222222,0.1111111111111111,0.1111111111111111,0.1111111111111111
snowboarder,0.14285714285714285,0.0,0.0,0.0,0.7142857142857143,0.14285714285714285
Turkey,0.15828924162257496,0.4894179894179894,0.08289241622574955,0.10361552028218694,0.08950617283950617,0.07627865961199294
woman_getting_massage,0.3333333333333333,0.1111111111111111,0.1111111111111111,0.2222222222222222,0.1111111111111111,0.1111111111111111
globe_showing_Europe-Africa,,,,,,
person_cartwheeling,0.28205128205128205,0.46153846153846156,0.15384615384615385,0.05128205128205128,0.02564102564102564,0.02564102564102564
Japanese_acceptable_button,0.0,0.0,0.0,0.0,0.0,1.0
candle,0.04195804195804196,0.8444055944055944,0.005244755244755245,0.033216783216783216,0.06643356643356643,0.008741258741258742
victory_hand_medium-dark_skin_tone,,,,,,
man_shrugging,0.28187919463087246,0.3187919463087248,0.053691275167785234,0.15436241610738255,0.1476510067114094,0.0436241610738255
person_biking_dark_skin_tone,1.0,0.0,0.0,0.0,0.0,0.0
tropical_drink,0.08333333333333333,0.4166666666666667,0.0,0.0,0.16666666666666666,0.3333333333333333
fuel_pump,0.0,0.0,0.0,0.0,0.0,1.0
antenna_bars,0.2222222222222222,0.3888888888888889,0.16666666666666666,0.1111111111111111,0.05555555555555555,0.05555555555555555
face_with_medical_mask,0.2288135593220339,0.3305084745762712,0.09745762711864407,0.1694915254237288,0.11864406779661017,0.05508474576271186
chains,0.0,0.5,0.0,0.0,0.0,0.5
woman_swimming_light_skin_tone,0.05555555555555555,0.2777777777777778,0.0,0.05555555555555555,0.3333333333333333,0.2777777777777778
red_exclamation_mark,0.22895277207392198,0.2802874743326489,0.13655030800821355,0.14989733059548255,0.15092402464065707,0.053388090349075976
woman_singer_medium-dark_skin_tone,,,,,,
woman_cartwheeling_medium_skin_tone,0.0,0.6666666666666666,0.0,0.3333333333333333,0.0,0.0
sun_behind_small_cloud,0.09090909090909091,0.5454545454545454,0.09090909090909091,0.13636363636363635,0.045454545454545456,0.09090909090909091
crossed_fingers_light_skin_tone,0.23255813953488372,0.20930232558139536,0.046511627906976744,0.18604651162790697,0.2558139534883721,0.06976744186046512
man_supervillain_light_skin_tone,0.3333333333333333,0.0,0.0,0.6666666666666666,0.0,0.0
dashing_away,0.1864406779661017,0.4067796610169492,0.059322033898305086,0.09322033898305085,0.1440677966101695,0.11016949152542373
chocolate_bar,0.07801418439716312,0.48226950354609927,0.14893617021276595,0.05673758865248227,0.18439716312056736,0.04964539007092199
bear,0.09375,0.34375,0.0625,0.28125,0.09375,0.125
person_wearing_turban,1.0,0.0,0.0,0.0,0.0,0.0
Lebanon,,,,,,
face_with_tears_of_joy,0.2168885433874259,0.32824798367505587,0.10412010494606938,0.1765620445049072,0.10368282965698183,0.0704984938295598
roll_of_paper,,,,,,
bug,0.16216216216216217,0.42342342342342343,0.05405405405405406,0.18018018018018017,0.12612612612612611,0.05405405405405406
keycap_6,0.0,1.0,0.0,0.0,0.0,0.0
mirror,0.18847839699436444,0.32811521603005633,0.09455228553537884,0.20225422667501566,0.12335629304946776,0.06324358171571696
sunflower,0.10434782608695652,0.508695652173913,0.08260869565217391,0.08260869565217391,0.09130434782608696,0.13043478260869565
snowman_without_snow,0.18333333333333332,0.38333333333333336,0.03333333333333333,0.21666666666666667,0.11666666666666667,0.06666666666666667
game_die,0.1,0.1,0.3,0.2,0.1,0.2
black_medium_square,0.0,0.0,0.2222222222222222,0.4444444444444444,0.1111111111111111,0.2222222222222222
woman_shrugging_light_skin_tone,0.20750551876379691,0.3355408388520971,0.10375275938189846,0.18543046357615894,0.11920529801324503,0.04856512141280353
up-down_arrow,,,,,,
person_tipping_hand_medium-light_skin_tone,,,,,,
calendar,0.2441860465116279,0.5116279069767442,0.03488372093023256,0.046511627906976744,0.11627906976744186,0.046511627906976744
red_apple,0.11904761904761904,0.36904761904761907,0.19047619047619047,0.07142857142857142,0.13095238095238096,0.11904761904761904
open_hands_light_skin_tone,0.16666666666666666,0.0,0.16666666666666666,0.3333333333333333,0.16666666666666666,0.16666666666666666
bell_with_slash,0.0,0.0,0.0,0.0,0.0,1.0
SOON_arrow,0.0,0.3333333333333333,0.16666666666666666,0.0,0.3333333333333333,0.16666666666666666
busts_in_silhouette,0.047619047619047616,0.6190476190476191,0.09523809523809523,0.19047619047619047,0.047619047619047616,0.0
slot_machine,0.0,0.8571428571428571,0.0,0.0,0.0,0.14285714285714285
ping_pong,0.0,0.0,0.0,0.0,0.0,1.0
cucumber,0.17391304347826086,0.30434782608695654,0.13043478260869565,0.21739130434782608,0.043478260869565216,0.13043478260869565
couple_with_heart_man_man,0.25,0.5,0.0,0.25,0.0,0.0
globe_with_meridians,0.0,0.2,0.0,0.2,0.2,0.4
water_wave,0.1527777777777778,0.4027777777777778,0.09027777777777778,0.08333333333333333,0.125,0.14583333333333334
sparkling_heart,0.10087173100871731,0.4669987546699875,0.1232876712328767,0.1295143212951432,0.12204234122042341,0.057285180572851806
vulcan_salute_medium_skin_tone,0.5,0.5,0.0,0.0,0.0,0.0
fast_down_button,0.0,0.0,0.0,0.8,0.0,0.2
face_with_raised_eyebrow,0.22031473533619456,0.27896995708154504,0.10586552217453506,0.20600858369098712,0.11587982832618025,0.07296137339055794
gem_stone,0.11458333333333333,0.4166666666666667,0.078125,0.140625,0.21354166666666666,0.036458333333333336
speaker_medium_volume,0.3333333333333333,0.3333333333333333,0.0,0.0,0.0,0.3333333333333333
person_light_skin_tone_beard,0.0,0.5263157894736842,0.3157894736842105,0.05263157894736842,0.10526315789473684,0.0
trackball,0.0,0.0,0.0,0.0,0.0,1.0
man_fairy,0.09090909090909091,0.36363636363636365,0.18181818181818182,0.18181818181818182,0.18181818181818182,0.0
violin,0.11764705882352941,0.35294117647058826,0.23529411764705882,0.23529411764705882,0.0,0.058823529411764705
woman_cook,0.1875,0.3125,0.0,0.25,0.1875,0.0625
open_mailbox_with_raised_flag,0.25,0.5,0.0,0.0,0.0,0.25
unicorn,0.10967741935483871,0.4967741935483871,0.07741935483870968,0.10967741935483871,0.14838709677419354,0.05806451612903226
wheel_of_dharma,0.0,0.0,0.0,0.0,0.0,1.0
person_gesturing_NO_light_skin_tone,0.0,0.5,0.25,0.0,0.25,0.0
purple_circle,,,,,,
ATM_sign,0.0,0.0,0.0,0.0,0.0,1.0
cook_light_skin_tone,0.0,1.0,0.0,0.0,0.0,0.0
pinched_fingers_medium-light_skin_tone,,,,,,
airplane,0.13934426229508196,0.47950819672131145,0.0778688524590164,0.12704918032786885,0.13114754098360656,0.045081967213114756
person_cartwheeling_light_skin_tone,0.0,1.0,0.0,0.0,0.0,0.0
keycap_9,,,,,,
sleepy_face,0.16701461377870563,0.348643006263048,0.14613778705636743,0.162839248434238,0.11899791231732777,0.05636743215031315
baby_medium_skin_tone,0.0,1.0,0.0,0.0,0.0,0.0
full_moon,0.1935483870967742,0.3225806451612903,0.03225806451612903,0.25806451612903225,0.1935483870967742,0.0
dango,0.3333333333333333,0.3333333333333333,0.0,0.0,0.0,0.3333333333333333
person_bouncing_ball,,,,,,
woman_medium-dark_skin_tone,,,,,,
purple_heart,0.1553989716244525,0.5137116739668635,0.09541039801942487,0.08769758141306418,0.10664635307560465,0.04113502190059037
foot_medium-light_skin_tone,,,,,,
card_file_box,0.2,0.6,0.0,0.0,0.1,0.1
panda,0.15789473684210525,0.4263157894736842,0.12631578947368421,0.1368421052631579,0.07894736842105263,0.07368421052631578
moai,0.3333333333333333,0.0,0.3333333333333333,0.0,0.0,0.3333333333333333
cow_face,0.0,0.0,0.0,0.0,0.0,1.0
black_flag,0.0,0.6666666666666666,0.08333333333333333,0.08333333333333333,0.08333333333333333,0.08333333333333333
delivery_truck,0.11475409836065574,0.4918032786885246,0.14754098360655737,0.01639344262295082,0.14754098360655737,0.08196721311475409
men_wrestling,0.0,0.0,0.0,0.0,0.0,1.0
waving_hand_light_skin_tone,0.1388888888888889,0.40476190476190477,0.09126984126984126,0.11904761904761904,0.15476190476190477,0.09126984126984126
badger,0.0,0.0,0.0,0.5,0.5,0.0
kiss_woman_woman,0.0,0.0,0.6666666666666666,0.0,0.0,0.3333333333333333
face_screaming_in_fear,0.2085201793721973,0.3015695067264574,0.09865470852017937,0.18946188340807174,0.12331838565022421,0.07847533632286996
clutch_bag,0.09090909090909091,0.45454545454545453,0.18181818181818182,0.0,0.18181818181818182,0.09090909090909091
five-thirty,,,,,,
clapping_hands_dark_skin_tone,0.038461538461538464,0.46153846153846156,0.15384615384615385,0.15384615384615385,0.11538461538461539,0.07692307692307693
person_biking,0.2,0.5333333333333333,0.13333333333333333,0.0,0.06666666666666667,0.06666666666666667
woman_with_headscarf_light_skin_tone,0.0,0.0,0.0,1.0,0.0,0.0
graduation_cap,0.10714285714285714,0.21428571428571427,0.32142857142857145,0.10714285714285714,0.14285714285714285,0.10714285714285714
blue_book,0.05263157894736842,0.47368421052631576,0.10526315789473684,0.15789473684210525,0.15789473684210525,0.05263157894736842
mermaid_light_skin_tone,0.16666666666666666,0.3333333333333333,0.16666666666666666,0.3333333333333333,0.0,0.0
fire,0.08020698576972833,0.6209573091849935,0.03596377749029754,0.14851228978007763,0.07477360931435964,0.039586028460543335
mouse,0.23369565217391305,0.30978260869565216,0.14130434782608695,0.125,0.125,0.06521739130434782
high_voltage,0.15046296296296297,0.40046296296296297,0.08333333333333333,0.1412037037037037,0.16203703703703703,0.0625
dna,0.1875,0.4166666666666667,0.10416666666666667,0.07291666666666667,0.13541666666666666,0.08333333333333333
place_of_worship,0.2222222222222222,0.2222222222222222,0.0,0.0,0.4444444444444444,0.1111111111111111
man_in_lotus_position_medium_skin_tone,0.0,0.5,0.0,0.16666666666666666,0.0,0.3333333333333333
woman_shrugging_medium_skin_tone,0.3170731707317073,0.24390243902439024,0.12195121951219512,0.0975609756097561,0.17073170731707318,0.04878048780487805
woman_in_steamy_room_medium-light_skin_tone,,,,,,
vibration_mode,0.0,0.0,0.0,0.0,0.0,1.0
woman_playing_handball,0.0,0.0,0.0,0.0,0.0,1.0
department_store,0.0,0.0,0.0,0.0,0.0,1.0
camera_with_flash,0.14049586776859505,0.4049586776859504,0.08264462809917356,0.1115702479338843,0.16942148760330578,0.09090909090909091
Japanese_passing_grade_button,0.0,0.0,0.0,0.0,0.0,1.0
girl_dark_skin_tone,1.0,0.0,0.0,0.0,0.0,0.0
person_in_suit_levitating_medium-light_skin_tone,,,,,,
pinching_hand_light_skin_tone,0.3333333333333333,0.0,0.0,0.3333333333333333,0.3333333333333333,0.0
fountain_pen,0.2727272727272727,0.2727272727272727,0.2727272727272727,0.0,0.09090909090909091,0.09090909090909091
person_biking_medium-light_skin_tone,,,,,,
tumbler_glass,0.25,0.35714285714285715,0.10714285714285714,0.03571428571428571,0.14285714285714285,0.10714285714285714
raising_hands_medium-light_skin_tone,,,,,,
Italy,0.0,0.5,0.25,0.0,0.25,0.0
automobile,0.09722222222222222,0.38425925925925924,0.09722222222222222,0.20833333333333334,0.14814814814814814,0.06481481481481481
briefcase,0.1724137931034483,0.3103448275862069,0.27586206896551724,0.13793103448275862,0.034482758620689655,0.06896551724137931
club_suit,0.0,0.0,0.0,0.0,0.0,1.0
ear,0.2857142857142857,0.2857142857142857,0.21428571428571427,0.07142857142857142,0.07142857142857142,0.07142857142857142
Japanese_bargain_button,0.0,0.0,0.0,0.0,0.0,1.0
thermometer,0.0,0.2,0.6,0.2,0.0,0.0
salt,0.1917808219178082,0.3561643835616438,0.0136986301369863,0.2465753424657534,0.1232876712328767,0.0684931506849315
clinking_beer_mugs,0.07936507936507936,0.2222222222222222,0.1111111111111111,0.2698412698412698,0.14285714285714285,0.1746031746031746
water_buffalo,0.0,0.0,0.0,0.0,0.0,1.0
running_shirt,0.0,0.2857142857142857,0.0,0.35714285714285715,0.21428571428571427,0.14285714285714285
pinched_fingers,0.13333333333333333,0.26666666666666666,0.03333333333333333,0.16666666666666666,0.23333333333333334,0.16666666666666666
detective_light_skin_tone,0.4,0.1,0.4,0.0,0.1,0.0
woman_biking,0.16666666666666666,0.5555555555555556,0.0,0.0,0.16666666666666666,0.1111111111111111
woman_dancing_light_skin_tone,0.1291139240506329,0.4050632911392405,0.10886075949367088,0.10379746835443038,0.17468354430379746,0.07848101265822785
old_woman_light_skin_tone,0.10294117647058823,0.17647058823529413,0.4852941176470588,0.1323529411764706,0.014705882352941176,0.08823529411764706
woman_light_skin_tone_red_hair,0.1875,0.5,0.1875,0.0,0.0625,0.0625
nose_light_skin_tone,0.0,0.7142857142857143,0.0,0.14285714285714285,0.0,0.14285714285714285
boy_medium-light_skin_tone,,,,,,
man_playing_water_polo_light_skin_tone,0.0,1.0,0.0,0.0,0.0,0.0
man_bouncing_ball,0.0,0.0,0.0,0.0,0.0,1.0
snake,0.12903225806451613,0.1827956989247312,0.0967741935483871,0.45161290322580644,0.08602150537634409,0.053763440860215055
sunset,0.07317073170731707,0.4634146341463415,0.024390243902439025,0.2682926829268293,0.07317073170731707,0.0975609756097561
woman_walking,0.0,0.5,0.3333333333333333,0.08333333333333333,0.08333333333333333,0.0
disappointed_face,0.13002232142857142,0.27064732142857145,0.35435267857142855,0.11551339285714286,0.08872767857142858,0.040736607142857144
nail_polish,0.189873417721519,0.45569620253164556,0.06962025316455696,0.12025316455696203,0.10126582278481013,0.06329113924050633
chicken,0.20422535211267606,0.2699530516431925,0.08215962441314555,0.11032863849765258,0.1807511737089202,0.15258215962441316
heart_decoration,0.14432989690721648,0.5670103092783505,0.061855670103092786,0.08247422680412371,0.09278350515463918,0.05154639175257732
bouquet,0.15748031496062992,0.44881889763779526,0.13976377952755906,0.10433070866141732,0.08858267716535433,0.0610236220472441
mushroom,0.09090909090909091,0.13636363636363635,0.09090909090909091,0.045454545454545456,0.18181818181818182,0.45454545454545453
singer_light_skin_tone,0.3333333333333333,0.6666666666666666,0.0,0.0,0.0,0.0
backhand_index_pointing_down_medium-light_skin_tone,,,,,,
admission_tickets,0.0,0.8571428571428571,0.0,0.047619047619047616,0.047619047619047616,0.047619047619047616
raised_hand_medium_skin_tone,0.45454545454545453,0.09090909090909091,0.18181818181818182,0.18181818181818182,0.09090909090909091,0.0
nail_polish_medium-dark_skin_tone,,,,,,
woman_pouting_light_skin_tone,0.0,1.0,0.0,0.0,0.0,0.0
trade_mark,,,,,,
no_littering,0.0,0.5454545454545454,0.0,0.09090909090909091,0.18181818181818182,0.18181818181818182
man_cartwheeling_light_skin_tone,0.0,0.0,0.5,0.0,0.5,0.0
woman_artist_light_skin_tone,0.0,0.5,0.0,0.0,0.16666666666666666,0.3333333333333333
hand_with_fingers_splayed,0.24479166666666666,0.2916666666666667,0.057291666666666664,0.13541666666666666,0.13020833333333334,0.140625
detective,0.15476190476190477,0.5,0.10714285714285714,0.10714285714285714,0.10714285714285714,0.023809523809523808
tongue,0.08333333333333333,0.3125,0.0625,0.3541666666666667,0.0625,0.125
play_or_pause_button,0.0,0.2857142857142857,0.09523809523809523,0.47619047619047616,0.09523809523809523,0.047619047619047616
person_biking_light_skin_tone,0.13333333333333333,0.4,0.13333333333333333,0.0,0.2,0.13333333333333333
notebook,0.2098360655737705,0.3377049180327869,0.09180327868852459,0.14754098360655737,0.15081967213114755,0.06229508196721312
person_taking_bath_medium-light_skin_tone,,,,,,
lion,0.14423076923076922,0.3894230769230769,0.125,0.09134615384615384,0.1875,0.0625
heart_exclamation,0.08859223300970874,0.4720873786407767,0.12135922330097088,0.08980582524271845,0.14927184466019416,0.07888349514563107
up_arrow,0.1111111111111111,0.3333333333333333,0.2222222222222222,0.0,0.2222222222222222,0.1111111111111111
front-facing_baby_chick,,,,,,
man_raising_hand_medium-light_skin_tone,,,,,,
scissors,0.1,0.5,0.2,0.0,0.1,0.1
cooked_rice,0.0,0.0,0.3333333333333333,0.0,0.0,0.6666666666666666
locked,0.25,0.25,0.375,0.0,0.0,0.125
crossed_fingers_medium_skin_tone,0.4,0.2,0.0,0.0,0.2,0.2
linked_paperclips,0.0,0.4,0.0,0.2,0.0,0.4
sunrise,0.11229946524064172,0.42780748663101603,0.053475935828877004,0.21390374331550802,0.13903743315508021,0.053475935828877004
man_astronaut,0.23529411764705882,0.35294117647058826,0.11764705882352941,0.0,0.29411764705882354,0.0
six-thirty,,,,,,
abacus,0.0,0.5,0.0,0.0,0.5,0.0
man_medium-light_skin_tone_bald,,,,,,
coffin,0.15384615384615385,0.38461538461538464,0.23076923076923078,0.15384615384615385,0.0,0.07692307692307693
call_me_hand_medium-dark_skin_tone,,,,,,
nose_medium-light_skin_tone,,,,,,
yarn,1.0,0.0,0.0,0.0,0.0,0.0
prince,0.06,0.46,0.1,0.14,0.22,0.02
Japan,0.2413793103448276,0.2413793103448276,0.1206896551724138,0.05172413793103448,0.22413793103448276,0.1206896551724138
check_mark,0.12205882352941176,0.2911764705882353,0.09558823529411764,0.22941176470588234,0.18382352941176472,0.07794117647058824
sun,0.1963762528912876,0.3467232074016962,0.0920585967617579,0.12405551272166539,0.19198149575944487,0.048804934464148034
peace_symbol,0.0,0.4,0.2,0.0,0.2,0.2
star-struck,,,,,,
currency_exchange,0.0,0.3333333333333333,0.0,0.0,0.3333333333333333,0.3333333333333333
smiling_face_with_sunglasses,0.16357592722183345,0.39783065080475855,0.09359692092372289,0.16007697690692793,0.13838348495451364,0.046536039188243526
maple_leaf,0.0967741935483871,0.44086021505376344,0.12903225806451613,0.16129032258064516,0.11827956989247312,0.053763440860215055
keycap_0,0.2,0.6,0.0,0.0,0.2,0.0
CL_button,0.0,0.0,0.0,0.0,0.0,1.0
thinking_face,0.1947245927075252,0.3605896043444531,0.08673390224980605,0.17145073700543056,0.12924747866563227,0.057253685027152834
goal_net,0.0,0.5,0.125,0.0625,0.1875,0.125
man_with_veil_light_skin_tone,0.0,0.0,1.0,0.0,0.0,0.0
pick,0.1590909090909091,0.29545454545454547,0.06818181818181818,0.18181818181818182,0.11363636363636363,0.18181818181818182
registered,,,,,,
link,0.14361997997552564,0.3665591278228946,0.1297140950050061,0.16720436088552676,0.1508510401601958,0.04205139615085104
flexed_biceps_medium-dark_skin_tone,,,,,,
ice_skate,0.5714285714285714,0.0,0.0,0.2857142857142857,0.0,0.14285714285714285
man_raising_hand_light_skin_tone,0.17733990147783252,0.3694581280788177,0.06896551724137931,0.19704433497536947,0.1330049261083744,0.054187192118226604
person_facepalming_medium-light_skin_tone,,,,,,
keycap_8,0.25,0.5,0.0,0.25,0.0,0.0
shuffle_tracks_button,0.0,0.0,0.0,0.0,0.0,1.0
hear-no-evil_monkey,,,,,,
face_with_rolling_eyes,0.19263959390862945,0.3266497461928934,0.08401015228426396,0.19695431472081218,0.14873096446700507,0.05101522842639594
grinning_face_with_smiling_eyes,0.17698470502549163,0.32083029861616896,0.1023306627822287,0.20320466132556445,0.12964311726147124,0.06700655498907501
backhand_index_pointing_up_light_skin_tone,0.2413793103448276,0.3448275862068966,0.13793103448275862,0.2413793103448276,0.034482758620689655,0.0
Switzerland,0.1111111111111111,0.7777777777777778,0.0,0.0,0.0,0.1111111111111111
kimono,0.0,0.6,0.2,0.2,0.0,0.0
woman_cook_medium-light_skin_tone,,,,,,
crossed_fingers,0.23958333333333334,0.3854166666666667,0.020833333333333332,0.20833333333333334,0.11458333333333333,0.03125
video_game,0.07174887892376682,0.5336322869955157,0.05829596412556054,0.05829596412556054,0.25112107623318386,0.026905829596412557
cloud_with_lightning,0.0,0.0,0.3333333333333333,0.0,0.3333333333333333,0.3333333333333333
Japanese_dolls,0.5,0.0,0.0,0.0,0.0,0.5
wind_face,0.14814814814814814,0.42592592592592593,0.1111111111111111,0.12962962962962962,0.09259259259259259,0.09259259259259259
file_folder,0.42857142857142855,0.0,0.14285714285714285,0.0,0.2857142857142857,0.14285714285714285
two-thirty,,,,,,
sled,0.0,0.0,0.0,0.0,0.0,1.0
razor,,,,,,
person_getting_haircut,0.75,0.25,0.0,0.0,0.0,0.0
right-facing_fist_light_skin_tone,,,,,,
OK_hand,0.12163509471585245,0.4336989032901296,0.09770687936191426,0.17647058823529413,0.12163509471585245,0.04885343968095713
crown,0.1598360655737705,0.39549180327868855,0.10245901639344263,0.15163934426229508,0.13729508196721313,0.05327868852459016
bright_button,0.10843373493975904,0.5502008032128514,0.0963855421686747,0.060240963855421686,0.08835341365461848,0.0963855421686747
thumbs_up_medium_skin_tone,0.12903225806451613,0.45161290322580644,0.07526881720430108,0.16129032258064516,0.0967741935483871,0.08602150537634409
large_blue_diamond,0.14285714285714285,0.42857142857142855,0.0,0.0,0.14285714285714285,0.2857142857142857
pool_8_ball,0.08695652173913043,0.391304347826087,0.13043478260869565,0.21739130434782608,0.08695652173913043,0.08695652173913043
folded_hands_medium-light_skin_tone,,,,,,
woman_astronaut,0.2222222222222222,0.3333333333333333,0.2222222222222222,0.2222222222222222,0.0,0.0
woman_pouting_medium-light_skin_tone,,,,,,
houses,0.0,0.2,0.0,0.4,0.2,0.2
soft_ice_cream,0.13229571984435798,0.39299610894941633,0.21011673151750973,0.09727626459143969,0.08171206225680934,0.08560311284046693
Russia,0.0,0.75,0.25,0.0,0.0,0.0
chart_increasing,0.3125,0.25,0.125,0.125,0.125,0.0625
articulated_lorry,0.05263157894736842,0.2631578947368421,0.05263157894736842,0.05263157894736842,0.5263157894736842,0.05263157894736842
waving_hand_medium_skin_tone,0.15384615384615385,0.46153846153846156,0.15384615384615385,0.23076923076923078,0.0,0.0
SOS_button,0.1744186046511628,0.29069767441860467,0.20930232558139536,0.20930232558139536,0.10465116279069768,0.011627906976744186
level_slider,0.25,0.25,0.25,0.0,0.0,0.25
face_with_symbols_on_mouth,0.29779274223718666,0.25252525252525254,0.08679386457164234,0.16011971567527122,0.12121212121212122,0.081556303778526
radio,0.041666666666666664,0.2916666666666667,0.125,0.2916666666666667,0.125,0.125
trumpet,0.19047619047619047,0.38095238095238093,0.047619047619047616,0.19047619047619047,0.09523809523809523,0.09523809523809523
star_and_crescent,,,,,,
clinking_glasses,0.13333333333333333,0.4266666666666667,0.13333333333333333,0.13333333333333333,0.08,0.09333333333333334
scorpion,0.05263157894736842,0.3157894736842105,0.15789473684210525,0.10526315789473684,0.3684210526315789,0.0
taxi,0.17333333333333334,0.28,0.05333333333333334,0.32,0.08,0.09333333333333334
pig,0.25,0.0,0.0,0.5,0.0,0.25
lizard,,,,,,
right_arrow,0.1589825119236884,0.3783783783783784,0.10015898251192369,0.1383147853736089,0.1494435612082671,0.07472178060413355
woman_juggling,0.0,0.5,0.0,0.0,0.0,0.5
snowman,0.10588235294117647,0.5529411764705883,0.08235294117647059,0.09411764705882353,0.11764705882352941,0.047058823529411764
woman_in_tuxedo,0.0,0.25,0.5,0.25,0.0,0.0
oncoming_automobile,0.09090909090909091,0.35537190082644626,0.12396694214876033,0.11570247933884298,0.2809917355371901,0.03305785123966942
tiger,0.14893617021276595,0.44680851063829785,0.06382978723404255,0.19148936170212766,0.10638297872340426,0.0425531914893617
vulcan_salute_dark_skin_tone,,,,,,
card_index,0.0,0.0,0.0,0.0,0.0,1.0
bookmark,0.6666666666666666,0.0,0.3333333333333333,0.0,0.0,0.0
pushpin,0.12339331619537275,0.5244215938303342,0.04884318766066838,0.11053984575835475,0.14138817480719795,0.05141388174807198
prayer_beads,0.08333333333333333,0.3333333333333333,0.20833333333333334,0.25,0.125,0.0
woman_running,0.1896551724137931,0.4482758620689655,0.13793103448275862,0.10344827586206896,0.034482758620689655,0.08620689655172414
ice_cream,0.19444444444444445,0.2916666666666667,0.2361111111111111,0.20833333333333334,0.041666666666666664,0.027777777777777776
full_moon_face,0.12871287128712872,0.39603960396039606,0.12871287128712872,0.1485148514851485,0.15841584158415842,0.039603960396039604
wavy_dash,0.3333333333333333,0.0,0.0,0.3333333333333333,0.16666666666666666,0.16666666666666666
magnifying_glass_tilted_right,0.1774193548387097,0.28225806451612906,0.21774193548387097,0.13709677419354838,0.0967741935483871,0.08870967741935484
horizontal_traffic_light,0.0,0.6,0.2,0.0,0.0,0.2
guitar,0.21739130434782608,0.34782608695652173,0.06521739130434782,0.1956521739130435,0.15217391304347827,0.021739130434782608
2nd_place_medal,0.2222222222222222,0.5555555555555556,0.1111111111111111,0.0,0.0,0.1111111111111111
woman_in_lotus_position_medium_skin_tone,,,,,,
potato,0.1568627450980392,0.3137254901960784,0.17647058823529413,0.058823529411764705,0.19607843137254902,0.09803921568627451
raised_fist_medium-light_skin_tone,,,,,,
microphone,0.13756613756613756,0.3862433862433862,0.164021164021164,0.18518518518518517,0.06349206349206349,0.06349206349206349
goblin,0.15306122448979592,0.3843537414965986,0.05782312925170068,0.22448979591836735,0.11904761904761904,0.061224489795918366
backhand_index_pointing_left_light_skin_tone,0.1875,0.3958333333333333,0.11805555555555555,0.09722222222222222,0.1597222222222222,0.041666666666666664
face_without_mouth,0.16300940438871472,0.3448275862068966,0.07836990595611286,0.21003134796238246,0.11598746081504702,0.0877742946708464
victory_hand_light_skin_tone,0.15550755939524838,0.4319654427645788,0.09071274298056156,0.1490280777537797,0.1101511879049676,0.06263498920086392
party_popper,0.09754433833560709,0.5583219645293315,0.08356070941336971,0.07196452933151433,0.13608458390177353,0.05252387448840382
goggles,,,,,,
man_in_lotus_position,0.25,0.25,0.16666666666666666,0.08333333333333333,0.16666666666666666,0.08333333333333333
heart_with_arrow,0.11209439528023599,0.6106194690265486,0.06489675516224189,0.11209439528023599,0.07964601769911504,0.02064896755162242
pinching_hand,0.16666666666666666,0.3333333333333333,0.0,0.16666666666666666,0.16666666666666666,0.16666666666666666
small_blue_diamond,0.15384615384615385,0.46153846153846156,0.0,0.0,0.15384615384615385,0.23076923076923078
amphora,0.0,0.0,0.0,0.0,0.0,1.0
movie_camera,0.15,0.33076923076923076,0.09615384615384616,0.27307692307692305,0.11153846153846154,0.038461538461538464
spoon,0.0,0.0,0.0,0.0,0.0,1.0
Taurus,0.0,0.3333333333333333,0.3333333333333333,0.0,0.0,0.3333333333333333
open_file_folder,0.0,0.0,0.0,0.0,0.0,1.0
spider_web,0.16666666666666666,0.6666666666666666,0.0,0.16666666666666666,0.0,0.0
tomato,0.07142857142857142,0.2857142857142857,0.14285714285714285,0.07142857142857142,0.19047619047619047,0.23809523809523808
old_man,0.0,0.3333333333333333,0.25,0.08333333333333333,0.08333333333333333,0.25
sushi,0.07142857142857142,0.35714285714285715,0.07142857142857142,0.2857142857142857,0.07142857142857142,0.14285714285714285
steaming_bowl,0.2,0.1,0.2,0.0,0.2,0.3
keycap_5,,,,,,
anchor,0.0,0.5,0.0,0.0,0.0,0.5
pot_of_food,0.038461538461538464,0.5692307692307692,0.13846153846153847,0.015384615384615385,0.2076923076923077,0.03076923076923077
old_woman_medium-light_skin_tone,,,,,,
exploding_head,0.1921182266009852,0.30295566502463056,0.10591133004926108,0.19458128078817735,0.0960591133004926,0.10837438423645321
lipstick,0.14153846153846153,0.44769230769230767,0.09538461538461539,0.11538461538461539,0.12153846153846154,0.07846153846153846
railway_car,0.0,0.0,0.0,0.0,0.5,0.5
double_exclamation_mark,0.29292929292929293,0.3088023088023088,0.08513708513708514,0.14285714285714285,0.08513708513708514,0.08513708513708514
woman_judge_medium-light_skin_tone,,,,,,
stop_button,0.0,0.0,0.0,0.0,0.0,1.0
pregnant_woman_medium-light_skin_tone,,,,,,
drum,0.10869565217391304,0.34782608695652173,0.08695652173913043,0.15217391304347827,0.10869565217391304,0.1956521739130435
red_heart,0.07088159280176128,0.4174404135158419,0.09366325260840433,0.08921221403273667,0.1526275485785393,0.17617497846271657
OK_hand_medium_skin_tone,0.17647058823529413,0.4264705882352941,0.058823529411764705,0.22058823529411764,0.029411764705882353,0.08823529411764706
UP!_button,,,,,,
ambulance,0.0,0.6,0.0,0.2,0.0,0.2
balance_scale,0.2,0.4,0.175,0.125,0.0,0.1
man_frowning_medium-dark_skin_tone,,,,,,
speaking_head,0.1797752808988764,0.48314606741573035,0.10112359550561797,0.12359550561797752,0.033707865168539325,0.07865168539325842
black_small_square,0.043478260869565216,0.21739130434782608,0.08695652173913043,0.17391304347826086,0.43478260869565216,0.043478260869565216
water_closet,0.0,0.0,0.0,0.0,0.0,1.0
United_States,0.1111111111111111,0.4444444444444444,0.2222222222222222,0.1111111111111111,0.1111111111111111,0.0
man_cartwheeling_dark_skin_tone,0.18181818181818182,0.6363636363636364,0.09090909090909091,0.09090909090909091,0.0,0.0
bullseye,0.2,0.43636363636363634,0.07272727272727272,0.03636363636363636,0.2,0.05454545454545454
man_scientist_medium_skin_tone,,,,,,
woman_facepalming_light_skin_tone,0.18253968253968253,0.30257936507936506,0.11210317460317461,0.22321428571428573,0.11507936507936507,0.06448412698412699
raising_hands_medium-dark_skin_tone,,,,,,
woman_vampire,0.0,0.0,0.0,0.0,0.0,1.0
woman_shrugging_medium-dark_skin_tone,,,,,,
kitchen_knife,0.2619047619047619,0.2698412698412698,0.14285714285714285,0.1984126984126984,0.07142857142857142,0.05555555555555555
closed_mailbox_with_raised_flag,0.14285714285714285,0.42857142857142855,0.2857142857142857,0.0,0.0,0.14285714285714285
woman_mechanic,0.5,0.25,0.0,0.0,0.25,0.0
otter,0.38461538461538464,0.3076923076923077,0.07692307692307693,0.23076923076923078,0.0,0.0
toolbox,0.25,0.5,0.0,0.0,0.25,0.0
white_flag,0.07692307692307693,0.6153846153846154,0.07692307692307693,0.07692307692307693,0.07692307692307693,0.07692307692307693
egg,0.07894736842105263,0.4473684210526316,0.0,0.0,0.13157894736842105,0.34210526315789475
vertical_traffic_light,0.0,0.37037037037037035,0.07407407407407407,0.37037037037037035,0.1111111111111111,0.07407407407407407
bus,0.16666666666666666,0.5,0.16666666666666666,0.0,0.0,0.16666666666666666
chequered_flag,0.1330049261083744,0.5763546798029556,0.08374384236453201,0.11822660098522167,0.034482758620689655,0.054187192118226604
P_button,0.0,0.0,0.0,0.0,0.0,1.0
woman_cook_medium_skin_tone,0.14285714285714285,0.2857142857142857,0.0,0.14285714285714285,0.0,0.42857142857142855
man_dancing_medium-light_skin_tone,,,,,,
smiling_face_with_horns,0.21565495207667731,0.3354632587859425,0.08626198083067092,0.16134185303514376,0.15814696485623003,0.04313099041533546
sign_of_the_horns_light_skin_tone,0.23931623931623933,0.39316239316239315,0.05128205128205128,0.15384615384615385,0.11965811965811966,0.042735042735042736
man_tipping_hand_dark_skin_tone,0.0,1.0,0.0,0.0,0.0,0.0
red_circle,0.08333333333333333,0.4444444444444444,0.2222222222222222,0.06944444444444445,0.125,0.05555555555555555
woman_student,0.3333333333333333,0.3333333333333333,0.0,0.0,0.3333333333333333,0.0
woman_detective_light_skin_tone,0.23076923076923078,0.07692307692307693,0.38461538461538464,0.07692307692307693,0.23076923076923078,0.0
office_building,0.18181818181818182,0.0,0.09090909090909091,0.09090909090909091,0.5454545454545454,0.09090909090909091
cut_of_meat,0.3333333333333333,0.3333333333333333,0.0,0.0,0.0,0.3333333333333333
palms_up_together_light_skin_tone,0.07954545454545454,0.26704545454545453,0.10795454545454546,0.3693181818181818,0.08522727272727272,0.09090909090909091
person_in_tuxedo_medium_skin_tone,0.0,1.0,0.0,0.0,0.0,0.0
red_question_mark,0.25806451612903225,0.2862903225806452,0.10887096774193548,0.15725806451612903,0.13709677419354838,0.05241935483870968
Santa_Claus_medium_skin_tone,0.25,0.5,0.0,0.25,0.0,0.0
man_dancing_light_skin_tone,0.15789473684210525,0.3157894736842105,0.14473684210526316,0.14473684210526316,0.21052631578947367,0.02631578947368421
person_with_skullcap,0.0,0.0,0.3333333333333333,0.3333333333333333,0.3333333333333333,0.0
blossom,0.07926829268292683,0.5060975609756098,0.09451219512195122,0.08231707317073171,0.11890243902439024,0.11890243902439024
shamrock,0.11578947368421053,0.4421052631578947,0.11578947368421053,0.16842105263157894,0.06315789473684211,0.09473684210526316
dress,0.13043478260869565,0.13043478260869565,0.2608695652173913,0.043478260869565216,0.391304347826087,0.043478260869565216
man_artist,0.0,0.5,0.0,0.5,0.0,0.0
man_fairy_dark_skin_tone,0.5,0.5,0.0,0.0,0.0,0.0
woman_teacher,0.3333333333333333,0.6666666666666666,0.0,0.0,0.0,0.0
ghost,0.1493212669683258,0.35294117647058826,0.11764705882352941,0.22171945701357465,0.11764705882352941,0.04072398190045249
white_exclamation_mark,0.06666666666666667,0.4888888888888889,0.17777777777777778,0.2222222222222222,0.0,0.044444444444444446
